x	y	Presence
13.404007	52.453918	1
-16.9282	65.6498	1
40.135002	49.370185	1
-8.9256585	39.7846152	1
23.64325	37.93141	1
-3.175519	55.850078	1
8.900758	39.166682	1
27.958295	49.501119	1
7.713222	63.078625	1
0.26787	45.65841	1
16.81889	60.72917	1
15.80826	44.249611	1
4.855	53.074	1
-10.518338	52.102989	1
21.58333	53.79168	1
-1.57355	37.79498	1
8.58174	46.653	1
9.41189	57.155697	1
34.177	50.749	1
-5.08601	48.46073	1
-8.567326	57.813255	1
28.459564	43.815964	1
20.12468	47.72573	1
-0.302798	51.268344	1
-4.6549	43.150002	1
4.75838	43.40234	1
-0.98333	60.33333	1
4.862239	59.307223	1
4.19703	48.24792	1
11.865496	60.989423	1
12.96	47.94	1
15.91667	56.18333	1
32.078	46.424	1
2.600029	39.62053	1
8.892059	50.976116	1
17.41667	50.95835	1
11.3167	43.5833	1
21.91056	41.61306	1
23.58334	50.37502	1
-6.44	36.99	1
-3.961499	52.01957	1
-0.08	42.09	1
12.527092	55.783933	1
25.3	44.73333	1
-5.061901	58.534278	1
-1.81301	48.35657	1
-5.29	40.021	1
-8.4465	42.90598	1
-7.635052	54.833752	1
18.61056	57.73417	1
16.32615	48.05636	1
14.0333	41.7333	1
-0.540218	54.341714	1
8.62913	42.22599	1
2.645	50.79501	1
8.016887	53.755512	1
17.98663	54.15385	1
19.09361	42.26167	1
8.880952	60.448347	1
20.5248	50.5748	1
6.027999	50.426888	1
5.87862	46.03491	1
3.0995	45.61595	1
1.14548	48.49147	1
37.43	49.17	1
10.34395	63.4376	1
2.507446	42.154033	1
14.89856	59.08105	1
7.075437	58.094508	1
-2.818122	40.363877	1
12	58.5	1
15.75	53.12502	1
23.8802	52.7631	1
31.803	51.046	1
-8.169507	52.431966	1
10.6667	54.3167	1
1.489543	52.861146	1
-3.91666	38.03328	1
-0.17	39.76	1
-2.26	42.89	1
-5.4665	56.188936	1
7.214	44.05543	1
7.80387	48.94638	1
11.46055	46.29017	1
5.700116	61.369014	1
-1.825903	57.616362	1
-4.761321	54.089669	1
13.84087	45.182621	1
-6.48	42	1
-2.445646	50.515435	1
-2.560972	53.630211	1
20.83	39.8	1
1.57107	44.03152	1
17.95432	46.77266	1
-10.196069	54.131548	1
23.89667	41.26067	1
-3.178581	59.057115	1
6.68	52.34	1
29.464566	48.29889	1
6.17541	47.93832	1
-5.023855	50.355553	1
-1.48356	46.38141	1
10.196552	59.11421	1
15.08333	51.37502	1
19.08333	51.79168	1
29.580477	45.281573	1
35.94	50.2	1
-3.46438	47.63722	1
-1.08794	44.25493	1
4.416667	51.216667	1
1.75414	46.8084	1
14.19387	56.61148	1
-6.747052	57.405748	1
16.06782	45.94384	1
-0.36659	49.25631	1
8.279063	55.896484	1
-1.774961	52.134586	1
22.43473	49.13654	1
17.56373	59.23045	1
19.2395	49.54866	1
-0.03767	47.36181	1
-3.953849	57.340819	1
8.612562	58.626241	1
10.521126	55.979061	1
39.357974	47.95886	1
3.18365	44.01163	1
10.1	52.816667	1
2.70597	48.82004	1
14.13	46.73	1
-1.52	41.46	1
-7.75	41.0749	1
4.149798	39.874792	1
4.37015	46.53682	1
20.75	52.12502	1
23.08333	54.20835	1
4.50088	44.94718	1
-0.147019	52.808071	1
1.32414	50.01909	1
7.550457	59.732399	1
4.6192	49.7328	1
10.395197	61.192238	1
17.10085	52.54688	1
7.14394	46.79328	1
0.15632	43.52128	1
14.76944	55.29306	1
10.08771	46.71794	1
14.35	48.266666	1
-1.806164	54.992931	1
3.06624	47.35531	1
6.16142	43.10038	1
11.55	48.1	1
12.70524	59.8607	1
15.40668	60.37297	1
-5.310863	51.737504	1
6.041251	59.999084	1
5.99764	44.68103	1
20.23259	53.69098	1
-1.49817	39.53725	1
6.505384	62.486399	1
18.91667	53.12502	1
22.91667	51.54168	1
7.558969	51.342985	1
9.2865	47.7744	1
1.005374	51.323007	1
6.52224	49.21578	1
-6.57	40.23	1
16.75	54.54168	1
1.26296	42.77391	1
32.941	51.628	1
11.173308	59.920035	1
4.707909	60.591849	1
16.28856	50.39886	1
-1.325304	53.359969	1
-3.687808	50.640303	1
16.17	43.06	1
-1.6076	49.57925	1
1.85998	45.57921	1
12.59	46.78	1
-3.875257	53.257235	1
3.41088	49.8535	1
7.04561	45.29195	1
12.79824	56.96283	1
-2.97924	48.73858	1
-5.508582	57.391096	1
5.55	51.6	1
18.94949	47.83991	1
-1.08	42.9	1
14.58333	53.29168	1
-4.3317	55.950433	1
5.811866	58.64571	1
-0.52	38.66	1
28.313374	48.360262	1
-8.606309	54.22192	1
-6.207413	58.504056	1
5.37724	47.11627	1
18.25	50.12502	1
7.766667	50.083333	1
9.44226	43.02148	1
5.40106	48.76978	1
-1.362239	50.842782	1
-2.796373	51.651088	1
14.96262	44.98045	1
8.533333	52.033333	1
-5.868483	54.229289	1
-2.467118	56.708324	1
-2.3352	47.37866	1
28.49246	45.120947	1
-0.83456	45.49777	1
21.41667	49.54168	1
-3.9	40.21	1
-3.56917	43.21577	1
22.866	53.1551	1
13.64417	55.68778	1
8.00328	47.55684	1
16.75112	44.756889	1
2.34342	43.20942	1
-0.70247	48.19732	1
2.02961	47.83667	1
20.31662	49.5333	1
0.75452	44.73623	1
11.274613	55.158529	1
5.823	53.448	1
2.33827	49.78441	1
18.08333	52.04168	1
11.369033	61.892722	1
0.855748	41.678634	1
3.446	51.531	1
-4.07332	48.55368	1
11.93317	57.48089	1
-3.344676	54.25766	1
-6.389694	55.799773	1
17.91667	53.12502	1
8.424244	56.885544	1
-2.895578	52.64385	1
0.75901	46.74159	1
15.86206	59.32056	1
-4.74505	52.790771	1
2.006313	41.305093	1
-0.42741	46.39461	1
19.2856	50.8297	1
-2.18333	38.83333	1
0.681711	52.288656	1
9.264182	59.403383	1
21.58333	52.62502	1
16.66074	46.71275	1
-1.20141	47.30954	1
0.62399	49.3496	1
9.18567	41.43501	1
9.239102	55.988213	1
10.180654	60.076342	1
-3.49997	37.16665	1
9.04793	45.8163	1
-1.58907	40.50944	1
10.253498	57.599302	1
13.34254	42.38379	1
-4.583852	55.042037	1
4.92664	45.78609	1
-3.506613	58.182431	1
16.62	56.79278	1
2.46442	44.87611	1
7	50.6	1
2.76678	46.47261	1
5.22129	44.20404	1
0.15449	48.4738	1
5.064683	50.514	1
3.71583	49.0072	1
3.9935	47.35109	1
29.4093	49.1942	1
-0.21284	44.44226	1
19.91667	51.45835	1
38.966395	48.758607	1
14.76807	52.20751	1
5.6	49.65	1
-0.902123	52.278041	1
-7.622901	57.518109	1
1.81719	49.06249	1
5.02285	47.94784	1
0.049227	53.663431	1
3.96438	45.73047	1
1.19883	47.57594	1
7.37268	48.15651	1
3.725726	50.695099	1
5.468025	52.460969	1
-2.137541	55.909527	1
3.29768	48.19573	1
-8.59281	41.23333	1
22.16965	49.9513	1
7.92622	46.10715	1
17.47029	60.18068	1
22.75	50.70835	1
-3.662922	56.544002	1
-3.649078	55.148168	1
4.08513	43.9115	1
27.653862	44.048507	1
6.19469	46.81068	1
13.51	47.31	1
7.44963	60.561964	1
-2.752361	57.492975	1
11.72093	59.285427	1
9.868168	55.446247	1
26.01667	44.31667	1
6.37796	43.94602	1
7.898725	58.051734	1
12.52647	54.96071	1
-1.465381	54.169609	1
-2.415082	59.358154	1
6.332846	51.361008	1
-1.76	42.24	1
-4.396588	58.024605	1
-6.15804	56.617246	1
3.6959	44.83198	1
-2.051616	51.325589	1
6.74346	46.08792	1
8.38359	59.402194	1
3.56463	46.60827	1
4.5	52.35	1
-2.580763	54.515403	1
16.2759	53.89007	1
1.02344	45.93135	1
6.56	53.13	1
1.55847	44.84033	1
15.12171	56.20365	1
9.645678	60.928538	1
9.892665	56.52431	1
-2.075955	53.002294	1
23.84893	51.12124	1
1.485831	52.06976	1
3.02797	42.8126	1
-4.488544	50.938047	1
-9.731391	52.13515	1
6.666667	60.5	1
-4.28592	47.80037	1
1.61108	50.82928	1
0.93386	43.4941	1
-4.812154	57.045945	1
11.073128	60.819373	1
-1.27022	48.8913	1
11.003536	59.028951	1
17.06621	47.88342	1
6.83351	47.55912	1
2.36121	43.96856	1
5.41807	45.17055	1
-0.6685	43.62499	1
-3.509927	51.374315	1
-2.240258	49.180997	1
0.336728	50.889031	1
28.668326	49.720021	1
11.872261	60.170357	1
0.25025	42.75395	1
4.61429	48.99239	1
0.29	40.34	1
5.50028	43.43275	1
-1.083863	51.528383	1
-2.71714	55.242584	1
9.49592	42.10611	1
8.821289	48.342709	1
6.26126	45.41702	1
39.696566	48.791817	1
5.823823	62.240313	1
-0.176946	52.089241	1
-5.117735	55.564451	1
22.2267	54.0964	1
8.196893	60.622865	1
0.329949	51.590207	1
4.67441	47.16855	1
16.40982	51.08887	1
5.22143	46.4336	1
0.537579	52.970742	1
6.85	43.433333	1
-4.70074	52.072381	1
9.42566	46.50643	1
-0.574205	53.353361	1
1.95046	42.56458	1
6.7239	44.6815	1
-1.51736	43.42654	1
-0.23406	45.17093	1
5.416419	60.27615	1
-2.87008	47.9748	1
27.976314	44.676417	1
13.32	46.66	1
22.8706	52.4792	1
-8.39318	40.2	1
15.54778	45.513939	1
-2.34693	46.70964	1
1.67306	43.37111	1
8.64341	47.36756	1
15.75	51.37502	1
-3.165748	53.351684	1
6.05734	48.65796	1
28.89917	48.67043	1
28.791968	44.531491	1
16.58333	52.95835	1
13	56.333333	1
-0.41969	42.89222	1
0.61993	47.88992	1
7.14561	48.94845	1
17.42385	50.30149	1
9.663779	47.239206	1
-2.977515	50.997798	1
9.258729	58.684941	1
6.102905	52.635197	1
6.3349	49.8344	1
0.21277	46.31475	1
7.86395	46.7479	1
-0.81	39.81	1
2.12803	48.50193	1
5.959972	60.783442	1
10.867523	56.513481	1
2.3858	45.93618	1
-2.404	52.224013	1
4.0415424	51.7505258	1
0.52148	44.03869	1
-6.10322	57.608247	1
-4.484759	53.425906	1
1.11149	45.28765	1
2.88093	50.19849	1
2.94466	49.42869	1
-3.195745	57.046207	1
-1.1217	44.93785	1
16.76	52.02	1
-3.370554	52.234726	1
-5.13001	57.889132	1
10.4872	46.23657	1
1.25413	49.33449	1
18.18658	59.18626	1
-1.147946	54.707021	1
2.48118	47.14278	1
10.65534	59.577278	1
7.983858	58.928189	1
-5.564961	50.070308	1
20.82097	53.85809	1
28.415033	49.043719	1
3.09824	44.95973	1
-1.71841	46.94548	1
17.22532	46.48288	1
8.917369	56.527488	1
-0.760991	50.752515	1
3.02916	43.42363	1
18.25	51.45835	1
-3.06428	56.453089	1
4.465847	50.593807	1
11.95001	55.60571	1
2.70833	47.84166	1
4.12266	50.07609	1
1.90399	50.20199	1
-0.928983	53.882909	1
19.80083	49.22474	1
15.41667	52.62502	1
7.40555	47.33336	1
5.77303	43.96634	1
5.58877	50.834057	1
7.34187	45.98402	1
1.853423	41.975539	1
-2.054984	54.076413	1
18.6919	50.8844	1
-0.93763	46.08702	1
23.4543	53.2464	1
1.57343	46.15723	1
-3.813003	52.669324	1
3.67956	43.48196	1
-1.67766	47.65767	1
-0.68269	47.58974	1
-1.50458	52.799026	1
-0.93106	46.7876	1
5.60571	48.21982	1
-2.27793	47.96262	1
-0.3367	45.80594	1
5	51.166667	1
-0.95108	49.37958	1
2.02847	44.44763	1
9.9055	46.1667	1
-5.99	40.23	1
15.23267	44.186611	1
8.754621	59.846573	1
17.3382	51.5301	1
-3.5321	48.35924	1
5.98432	47.34436	1
10.578714	60.488441	1
-3.79	42.69	1
4.66097	44.30398	1
-0.01222	47.92856	1
15.47257	59.73283	1
-3.830665	55.684806	1
9.763154	59.661847	1
0.68238	47.33221	1
-1.296423	59.868771	1
-2.36191	48.63458	1
12.86	47.27	1
-0.31	40.3	1
18.316	52.5478	1
11.399176	54.616787	1
1.75528	49.61466	1
-2.96877	47.39001	1
4.20293	49.36321	1
-1.63	42.84	1
-1.858222	53.510101	1
-3.276461	57.667079	1
4.80866	48.47611	1
-4.236558	51.542554	1
11.079749	61.425931	1
